  0.00e+00	  0.00e+00	0.00000e+00
  0.00e+00	  5.00e-03	2.11704e-01
  0.00e+00	  1.00e-02	2.42949e-01
  0.00e+00	  1.50e-02	2.19363e-01
  0.00e+00	  2.00e-02	1.82799e-01
  0.00e+00	  2.50e-02	1.47117e-01
  0.00e+00	  3.00e-02	1.16077e-01
  0.00e+00	  3.50e-02	8.99145e-02
  0.00e+00	  4.00e-02	6.78047e-02
  0.00e+00	  4.50e-02	4.87483e-02
  0.00e+00	  5.00e-02	3.18349e-02
  0.00e+00	  5.50e-02	1.62854e-02
  0.00e+00	  6.00e-02	1.42292e-03
  0.00e+00	  6.50e-02	-1.33737e-02
  0.00e+00	  7.00e-02	-2.87201e-02
  0.00e+00	  7.50e-02	-4.52758e-02
  0.00e+00	  8.00e-02	-6.37901e-02
  0.00e+00	  8.50e-02	-8.51318e-02
  0.00e+00	  9.00e-02	-1.10252e-01
  0.00e+00	  9.50e-02	-1.39942e-01
  0.00e+00	  1.00e-01	-1.74006e-01
  0.00e+00	  1.05e-01	-2.08926e-01
  0.00e+00	  1.10e-01	-2.31594e-01
  0.00e+00	  1.15e-01	-2.02105e-01

  0.00e+00	  0.00e+00	0.00000e+00
  0.00e+00	  5.00e-03	-4.76465e-02
  0.00e+00	  1.00e-02	-2.90500e-02
  0.00e+00	  1.50e-02	-8.48448e-03
  0.00e+00	  2.00e-02	4.48740e-03
  0.00e+00	  2.50e-02	1.08771e-02
  0.00e+00	  3.00e-02	1.30346e-02
  0.00e+00	  3.50e-02	1.27569e-02
  0.00e+00	  4.00e-02	1.11467e-02
  0.00e+00	  4.50e-02	8.82188e-03
  0.00e+00	  5.00e-02	6.11801e-03
  0.00e+00	  5.50e-02	3.21984e-03
  0.00e+00	  6.00e-02	2.36841e-04
  0.00e+00	  6.50e-02	-2.75333e-03
  0.00e+00	  7.00e-02	-5.67527e-03
  0.00e+00	  7.50e-02	-8.42694e-03
  0.00e+00	  8.00e-02	-1.08385e-02
  0.00e+00	  8.50e-02	-1.26014e-02
  0.00e+00	  9.00e-02	-1.31429e-02
  0.00e+00	  9.50e-02	-1.14294e-02
  0.00e+00	  1.00e-01	-5.74940e-03
  0.00e+00	  1.05e-01	6.19235e-03
  0.00e+00	  1.10e-01	2.55484e-02
  0.00e+00	  1.15e-01	8.04363e+00

  2.00e-02	  0.00e+00	-1.44372e+00
  2.00e-02	  5.00e-03	-4.73029e-01
  2.00e-02	  1.00e-02	-1.43026e-01
  2.00e-02	  1.50e-02	-2.45845e-02
  2.00e-02	  2.00e-02	1.48927e-02
  2.00e-02	  2.50e-02	2.44514e-02
  2.00e-02	  3.00e-02	2.33349e-02
  2.00e-02	  3.50e-02	1.89633e-02
  2.00e-02	  4.00e-02	1.39790e-02
  2.00e-02	  4.50e-02	9.15411e-03
  2.00e-02	  5.00e-02	4.57290e-03
  2.00e-02	  5.50e-02	8.71596e-05
  2.00e-02	  6.00e-02	-4.52429e-03
  2.00e-02	  6.50e-02	-9.50310e-03
  2.00e-02	  7.00e-02	-1.50679e-02
  2.00e-02	  7.50e-02	-2.12811e-02
  2.00e-02	  8.00e-02	-2.76306e-02
  2.00e-02	  8.50e-02	-3.18617e-02
  2.00e-02	  9.00e-02	-2.69687e-02
  2.00e-02	  9.50e-02	6.27699e-03
  2.00e-02	  1.00e-01	1.18419e-01
  2.00e-02	  1.05e-01	4.46657e-01
  2.00e-02	  1.10e-01	1.41782e+00
  2.00e-02	  1.15e-01	4.79904e+00

  4.00e-02	  0.00e+00	-1.82755e+00
  4.00e-02	  5.00e-03	-8.60048e-01
  4.00e-02	  1.00e-02	-3.52776e-01
  4.00e-02	  1.50e-02	-1.15463e-01
  4.00e-02	  2.00e-02	-1.42416e-02
  4.00e-02	  2.50e-02	2.25372e-02
  4.00e-02	  3.00e-02	3.08997e-02
  4.00e-02	  3.50e-02	2.79795e-02
  4.00e-02	  4.00e-02	2.13155e-02
  4.00e-02	  4.50e-02	1.38527e-02
  4.00e-02	  5.00e-02	6.49280e-03
  4.00e-02	  5.50e-02	-6.94610e-04
  4.00e-02	  6.00e-02	-7.92864e-03
  4.00e-02	  6.50e-02	-1.54457e-02
  4.00e-02	  7.00e-02	-2.32372e-02
  4.00e-02	  7.50e-02	-3.05318e-02
  4.00e-02	  8.00e-02	-3.46131e-02
  4.00e-02	  8.50e-02	-2.82689e-02
  4.00e-02	  9.00e-02	5.31062e-03
  4.00e-02	  9.50e-02	1.02129e-01
  4.00e-02	  1.00e-01	3.34574e-01
  4.00e-02	  1.05e-01	8.37597e-01
  4.00e-02	  1.10e-01	1.79761e+00
  4.00e-02	  1.15e-01	2.94321e+00

  6.00e-02	  0.00e+00	-1.73932e+00
  6.00e-02	  5.00e-03	-1.05902e+00
  6.00e-02	  1.00e-02	-5.37642e-01
  6.00e-02	  1.50e-02	-2.31300e-01
  6.00e-02	  2.00e-02	-7.40476e-02
  6.00e-02	  2.50e-02	-2.96806e-03
  6.00e-02	  3.00e-02	2.31964e-02
  6.00e-02	  3.50e-02	2.80641e-02
  6.00e-02	  4.00e-02	2.38939e-02
  6.00e-02	  4.50e-02	1.64352e-02
  6.00e-02	  5.00e-02	8.04877e-03
  6.00e-02	  5.50e-02	-4.96599e-04
  6.00e-02	  6.00e-02	-9.04933e-03
  6.00e-02	  6.50e-02	-1.74829e-02
  6.00e-02	  7.00e-02	-2.51127e-02
  6.00e-02	  7.50e-02	-2.97432e-02
  6.00e-02	  8.00e-02	-2.58879e-02
  6.00e-02	  8.50e-02	-1.62066e-03
  6.00e-02	  9.00e-02	6.64032e-02
  6.00e-02	  9.50e-02	2.19507e-01
  6.00e-02	  1.00e-01	5.21382e-01
  6.00e-02	  1.05e-01	1.03973e+00
  6.00e-02	  1.10e-01	1.72309e+00
  6.00e-02	  1.15e-01	2.14329e+00

  8.00e-02	  0.00e+00	-1.57491e+00
  8.00e-02	  5.00e-03	-1.12308e+00
  8.00e-02	  1.00e-02	-6.64010e-01
  8.00e-02	  1.50e-02	-3.36479e-01
  8.00e-02	  2.00e-02	-1.41652e-01
  8.00e-02	  2.50e-02	-4.00823e-02
  8.00e-02	  3.00e-02	5.54967e-03
  8.00e-02	  3.50e-02	2.10901e-02
  8.00e-02	  4.00e-02	2.19848e-02
  8.00e-02	  4.50e-02	1.64874e-02
  8.00e-02	  5.00e-02	8.55063e-03
  8.00e-02	  5.50e-02	-1.34777e-04
  8.00e-02	  6.00e-02	-8.82900e-03
  8.00e-02	  6.50e-02	-1.68256e-02
  8.00e-02	  7.00e-02	-2.25400e-02
  8.00e-02	  7.50e-02	-2.22109e-02
  8.00e-02	  8.00e-02	-7.85568e-03
  8.00e-02	  8.50e-02	3.56809e-02
  8.00e-02	  9.00e-02	1.34096e-01
  8.00e-02	  9.50e-02	3.24996e-01
  8.00e-02	  1.00e-01	6.48997e-01
  8.00e-02	  1.05e-01	1.10765e+00
  8.00e-02	  1.10e-01	1.56649e+00
  8.00e-02	  1.15e-01	1.80668e+00

  1.00e-01	  0.00e+00	-1.44695e+00
  1.00e-01	  5.00e-03	-1.12286e+00
  1.00e-01	  1.00e-02	-7.39230e-01
  1.00e-01	  1.50e-02	-4.20132e-01
  1.00e-01	  2.00e-02	-2.05450e-01
  1.00e-01	  2.50e-02	-8.04852e-02
  1.00e-01	  3.00e-02	-1.68643e-02
  1.00e-01	  3.50e-02	1.00759e-02
  1.00e-01	  4.00e-02	1.72729e-02
  1.00e-01	  4.50e-02	1.48530e-02
  1.00e-01	  5.00e-02	8.24583e-03
  1.00e-01	  5.50e-02	1.46258e-04
  1.00e-01	  6.00e-02	-7.98059e-03
  1.00e-01	  6.50e-02	-1.47082e-02
  1.00e-01	  7.00e-02	-1.74595e-02
  1.00e-01	  7.50e-02	-1.10015e-02
  1.00e-01	  8.00e-02	1.45451e-02
  1.00e-01	  8.50e-02	7.59067e-02
  1.00e-01	  9.00e-02	1.97755e-01
  1.00e-01	  9.50e-02	4.08995e-01
  1.00e-01	  1.00e-01	7.25772e-01
  1.00e-01	  1.05e-01	1.11072e+00
  1.00e-01	  1.10e-01	1.44074e+00
  1.00e-01	  1.15e-01	1.63681e+00

  1.20e-01	  0.00e+00	-1.35786e+00
  1.20e-01	  5.00e-03	-1.10071e+00
  1.20e-01	  1.00e-02	-7.80188e-01
  1.20e-01	  1.50e-02	-4.82895e-01
  1.20e-01	  2.00e-02	-2.61504e-01
  1.20e-01	  2.50e-02	-1.20312e-01
  1.20e-01	  3.00e-02	-4.13332e-02
  1.20e-01	  3.50e-02	-3.30597e-03
  1.20e-01	  4.00e-02	1.07283e-02
  1.20e-01	  4.50e-02	1.20573e-02
  1.20e-01	  5.00e-02	7.35460e-03
  1.20e-01	  5.50e-02	3.21294e-04
  1.20e-01	  6.00e-02	-6.76231e-03
  1.20e-01	  6.50e-02	-1.16566e-02
  1.20e-01	  7.00e-02	-1.07802e-02
  1.20e-01	  7.50e-02	2.35521e-03
  1.20e-01	  8.00e-02	3.88335e-02
  1.20e-01	  8.50e-02	1.15497e-01
  1.20e-01	  9.00e-02	2.53767e-01
  1.20e-01	  9.50e-02	4.72332e-01
  1.20e-01	  1.00e-01	7.68345e-01
  1.20e-01	  1.05e-01	1.09077e+00
  1.20e-01	  1.10e-01	1.35200e+00
  1.20e-01	  1.15e-01	1.53159e+00

  1.40e-01	  0.00e+00	-1.29410e+00
  1.40e-01	  5.00e-03	-1.07442e+00
  1.40e-01	  1.00e-02	-8.00830e-01
  1.40e-01	  1.50e-02	-5.28758e-01
  1.40e-01	  2.00e-02	-3.09101e-01
  1.40e-01	  2.50e-02	-1.57817e-01
  1.40e-01	  3.00e-02	-6.64336e-02
  1.40e-01	  3.50e-02	-1.81769e-02
  1.40e-01	  4.00e-02	2.82044e-03
  1.40e-01	  4.50e-02	8.33058e-03
  1.40e-01	  5.00e-02	5.97935e-03
  1.40e-01	  5.50e-02	4.15861e-04
  1.40e-01	  6.00e-02	-5.22094e-03
  1.40e-01	  6.50e-02	-7.83217e-03
  1.40e-01	  7.00e-02	-2.88275e-03
  1.40e-01	  7.50e-02	1.70902e-02
  1.40e-01	  8.00e-02	6.37079e-02
  1.40e-01	  8.50e-02	1.52814e-01
  1.40e-01	  9.00e-02	3.01463e-01
  1.40e-01	  9.50e-02	5.18901e-01
  1.40e-01	  1.00e-01	7.90404e-01
  1.40e-01	  1.05e-01	1.06585e+00
  1.40e-01	  1.10e-01	1.28822e+00
  1.40e-01	  1.15e-01	1.45729e+00

  1.60e-01	  0.00e+00	-1.24603e+00
  1.60e-01	  5.00e-03	-1.04979e+00
  1.60e-01	  1.00e-02	-8.10145e-01
  1.60e-01	  1.50e-02	-5.61967e-01
  1.60e-01	  2.00e-02	-3.48800e-01
  1.60e-01	  2.50e-02	-1.92221e-01
  1.60e-01	  3.00e-02	-9.12976e-02
  1.60e-01	  3.50e-02	-3.39609e-02
  1.60e-01	  4.00e-02	-6.15521e-03
  1.60e-01	  4.50e-02	3.79928e-03
  1.60e-01	  5.00e-02	4.17234e-03
  1.60e-01	  5.50e-02	4.56372e-04
  1.60e-01	  6.00e-02	-3.35428e-03
  1.60e-01	  6.50e-02	-3.30263e-03
  1.60e-01	  7.00e-02	6.00116e-03
  1.60e-01	  7.50e-02	3.26928e-02
  1.60e-01	  8.00e-02	8.83566e-02
  1.60e-01	  8.50e-02	1.87106e-01
  1.60e-01	  9.00e-02	3.41370e-01
  1.60e-01	  9.50e-02	5.52837e-01
  1.60e-01	  1.00e-01	8.00858e-01
  1.60e-01	  1.05e-01	1.04207e+00
  1.60e-01	  1.10e-01	1.24012e+00
  1.60e-01	  1.15e-01	1.40071e+00

  1.80e-01	  0.00e+00	-1.20812e+00
  1.80e-01	  5.00e-03	-1.02812e+00
  1.80e-01	  1.00e-02	-8.13335e-01
  1.80e-01	  1.50e-02	-5.86057e-01
  1.80e-01	  2.00e-02	-3.81632e-01
  1.80e-01	  2.50e-02	-2.23252e-01
  1.80e-01	  3.00e-02	-1.15352e-01
  1.80e-01	  3.50e-02	-5.02066e-02
  1.80e-01	  4.00e-02	-1.59455e-02
  1.80e-01	  4.50e-02	-1.42413e-03
  1.80e-01	  5.00e-02	1.97788e-03
  1.80e-01	  5.50e-02	4.61484e-04
  1.80e-01	  6.00e-02	-1.16865e-03
  1.80e-01	  6.50e-02	1.85905e-03
  1.80e-01	  7.00e-02	1.56583e-02
  1.80e-01	  7.50e-02	4.87478e-02
  1.80e-01	  8.00e-02	1.12229e-01
  1.80e-01	  8.50e-02	2.18096e-01
  1.80e-01	  9.00e-02	3.74473e-01
  1.80e-01	  9.50e-02	5.77604e-01
  1.80e-01	  1.00e-01	8.04934e-01
  1.80e-01	  1.05e-01	1.02098e+00
  1.80e-01	  1.10e-01	1.20223e+00
  1.80e-01	  1.15e-01	1.35554e+00

  2.00e-01	  0.00e+00	-1.17719e+00
  2.00e-01	  5.00e-03	-1.00934e+00
  2.00e-01	  1.00e-02	-8.13266e-01
  2.00e-01	  1.50e-02	-6.03681e-01
  2.00e-01	  2.00e-02	-4.08727e-01
  2.00e-01	  2.50e-02	-2.50944e-01
  2.00e-01	  3.00e-02	-1.38227e-01
  2.00e-01	  3.50e-02	-6.65471e-02
  2.00e-01	  4.00e-02	-2.63128e-02
  2.00e-01	  4.50e-02	-7.22025e-03
  2.00e-01	  5.00e-02	-5.55002e-04
  2.00e-01	  5.50e-02	4.43132e-04
  2.00e-01	  6.00e-02	1.31110e-03
  2.00e-01	  6.50e-02	7.55809e-03
  2.00e-01	  7.00e-02	2.58747e-02
  2.00e-01	  7.50e-02	6.49065e-02
  2.00e-01	  8.00e-02	1.34962e-01
  2.00e-01	  8.50e-02	2.45803e-01
  2.00e-01	  9.00e-02	4.01863e-01
  2.00e-01	  9.50e-02	5.95826e-01
  2.00e-01	  1.00e-01	8.05550e-01
  2.00e-01	  1.05e-01	1.00261e+00
  2.00e-01	  1.10e-01	1.17134e+00
  2.00e-01	  1.15e-01	1.31832e+00

  2.20e-01	  0.00e+00	-1.15130e+00
  2.20e-01	  5.00e-03	-9.93043e-01
  2.20e-01	  1.00e-02	-8.11490e-01
  2.20e-01	  1.50e-02	-6.16732e-01
  2.20e-01	  2.00e-02	-4.31133e-01
  2.20e-01	  2.50e-02	-2.75501e-01
  2.20e-01	  3.00e-02	-1.59711e-01
  2.20e-01	  3.50e-02	-8.26928e-02
  2.20e-01	  4.00e-02	-3.70387e-02
  2.20e-01	  4.50e-02	-1.34649e-02
  2.20e-01	  5.00e-02	-3.37194e-03
  2.20e-01	  5.50e-02	4.08725e-04
  2.20e-01	  6.00e-02	4.04556e-03
  2.20e-01	  6.50e-02	1.36852e-02
  2.20e-01	  7.00e-02	3.64451e-02
  2.20e-01	  7.50e-02	8.08875e-02
  2.20e-01	  8.00e-02	1.56341e-01
  2.20e-01	  8.50e-02	2.70414e-01
  2.20e-01	  9.00e-02	4.24567e-01
  2.20e-01	  9.50e-02	6.09391e-01
  2.20e-01	  1.00e-01	8.04309e-01
  2.20e-01	  1.05e-01	9.86627e-01
  2.20e-01	  1.10e-01	1.14554e+00
  2.20e-01	  1.15e-01	1.28696e+00

  2.40e-01	  0.00e+00	-1.12923e+00
  2.40e-01	  5.00e-03	-9.78801e-01
  2.40e-01	  1.00e-02	-8.08848e-01
  2.40e-01	  1.50e-02	-6.26533e-01
  2.40e-01	  2.00e-02	-4.49756e-01
  2.40e-01	  2.50e-02	-2.97211e-01
  2.40e-01	  3.00e-02	-1.79708e-01
  2.40e-01	  3.50e-02	-9.84258e-02
  2.40e-01	  4.00e-02	-4.79305e-02
  2.40e-01	  4.50e-02	-2.00356e-02
  2.40e-01	  5.00e-02	-6.41583e-03
  2.40e-01	  5.50e-02	3.62958e-04
  2.40e-01	  6.00e-02	6.98700e-03
  2.40e-01	  6.50e-02	2.01268e-02
  2.40e-01	  7.00e-02	4.71839e-02
  2.40e-01	  7.50e-02	9.64753e-02
  2.40e-01	  8.00e-02	1.76265e-01
  2.40e-01	  8.50e-02	2.92203e-01
  2.40e-01	  9.00e-02	4.43472e-01
  2.40e-01	  9.50e-02	6.19629e-01
  2.40e-01	  1.00e-01	8.02095e-01
  2.40e-01	  1.05e-01	9.72646e-01
  2.40e-01	  1.10e-01	1.12357e+00
  2.40e-01	  1.15e-01	1.26010e+00

  2.60e-01	  0.00e+00	-1.11014e+00
  2.60e-01	  5.00e-03	-9.66267e-01
  2.60e-01	  1.00e-02	-8.05804e-01
  2.60e-01	  1.50e-02	-6.33998e-01
  2.60e-01	  2.00e-02	-4.65340e-01
  2.60e-01	  2.50e-02	-3.16392e-01
  2.60e-01	  3.00e-02	-1.98206e-01
  2.60e-01	  3.50e-02	-1.13591e-01
  2.60e-01	  4.00e-02	-5.88249e-02
  2.60e-01	  4.50e-02	-2.68174e-02
  2.60e-01	  5.00e-02	-9.62976e-03
  2.60e-01	  5.50e-02	3.09007e-04
  2.60e-01	  6.00e-02	1.00848e-02
  2.60e-01	  6.50e-02	2.67738e-02
  2.60e-01	  7.00e-02	5.79317e-02
  2.60e-01	  7.50e-02	1.11515e-01
  2.60e-01	  8.00e-02	1.94715e-01
  2.60e-01	  8.50e-02	3.11479e-01
  2.60e-01	  9.00e-02	4.59316e-01
  2.60e-01	  9.50e-02	6.27465e-01
  2.60e-01	  1.00e-01	7.99401e-01
  2.60e-01	  1.05e-01	9.60336e-01
  2.60e-01	  1.10e-01	1.10459e+00
  2.60e-01	  1.15e-01	1.23679e+00

  2.80e-01	  0.00e+00	-1.09344e+00
  2.80e-01	  5.00e-03	-9.55158e-01
  2.80e-01	  1.00e-02	-8.02617e-01
  2.80e-01	  1.50e-02	-6.39763e-01
  2.80e-01	  2.00e-02	-4.78481e-01
  2.80e-01	  2.50e-02	-3.33357e-01
  2.80e-01	  3.00e-02	-2.15246e-01
  2.80e-01	  3.50e-02	-1.28087e-01
  2.80e-01	  4.00e-02	-6.95887e-02
  2.80e-01	  4.50e-02	-3.37068e-02
  2.80e-01	  5.00e-02	-1.29596e-02
  2.80e-01	  5.50e-02	2.49186e-04
  2.80e-01	  6.00e-02	1.32892e-02
  2.80e-01	  6.50e-02	3.35263e-02
  2.80e-01	  7.00e-02	6.85573e-02
  2.80e-01	  7.50e-02	1.25903e-01
  2.80e-01	  8.00e-02	2.11728e-01
  2.80e-01	  8.50e-02	3.28544e-01
  2.80e-01	  9.00e-02	4.72695e-01
  2.80e-01	  9.50e-02	6.33547e-01
  2.80e-01	  1.00e-01	7.96506e-01
  2.80e-01	  1.05e-01	9.49425e-01
  2.80e-01	  1.10e-01	1.08801e+00
  2.80e-01	  1.15e-01	1.21634e+00

  3.00e-01	  0.00e+00	-1.07870e+00
  3.00e-01	  5.00e-03	-9.45250e-01
  3.00e-01	  1.00e-02	-7.99431e-01
  3.00e-01	  1.50e-02	-6.44276e-01
  3.00e-01	  2.00e-02	-4.89652e-01
  3.00e-01	  2.50e-02	-3.48394e-01
  3.00e-01	  3.00e-02	-2.30903e-01
  3.00e-01	  3.50e-02	-1.41852e-01
  3.00e-01	  4.00e-02	-8.01175e-02
  3.00e-01	  4.50e-02	-4.06139e-02
  3.00e-01	  5.00e-02	-1.63559e-02
  3.00e-01	  5.50e-02	1.85255e-04
  3.00e-01	  6.00e-02	1.65542e-02
  3.00e-01	  6.50e-02	4.02968e-02
  3.00e-01	  7.00e-02	7.89568e-02
  3.00e-01	  7.50e-02	1.39577e-01
  3.00e-01	  8.00e-02	2.27374e-01
  3.00e-01	  8.50e-02	3.43684e-01
  3.00e-01	  9.00e-02	4.84083e-01
  3.00e-01	  9.50e-02	6.38333e-01
  3.00e-01	  1.00e-01	7.93571e-01
  3.00e-01	  1.05e-01	9.39697e-01
  3.00e-01	  1.10e-01	1.07339e+00
  3.00e-01	  1.15e-01	1.19826e+00

  3.20e-01	  0.00e+00	-1.06558e+00
  3.20e-01	  5.00e-03	-9.36365e-01
  3.20e-01	  1.00e-02	-7.96330e-01
  3.20e-01	  1.50e-02	-6.47851e-01
  3.20e-01	  2.00e-02	-4.99228e-01
  3.20e-01	  2.50e-02	-3.61762e-01
  3.20e-01	  3.00e-02	-2.45270e-01
  3.20e-01	  3.50e-02	-1.54859e-01
  3.20e-01	  4.00e-02	-9.03321e-02
  3.20e-01	  4.50e-02	-4.74629e-02
  3.20e-01	  5.00e-02	-1.97747e-02
  3.20e-01	  5.50e-02	1.18594e-04
  3.20e-01	  6.00e-02	1.98383e-02
  3.20e-01	  6.50e-02	4.70114e-02
  3.20e-01	  7.00e-02	8.90512e-02
  3.20e-01	  7.50e-02	1.52506e-01
  3.20e-01	  8.00e-02	2.41740e-01
  3.20e-01	  8.50e-02	3.57154e-01
  3.20e-01	  9.00e-02	4.93853e-01
  3.20e-01	  9.50e-02	6.42148e-01
  3.20e-01	  1.00e-01	7.90689e-01
  3.20e-01	  1.05e-01	9.30978e-01
  3.20e-01	  1.10e-01	1.06039e+00
  3.20e-01	  1.15e-01	1.18214e+00

  3.40e-01	  0.00e+00	-1.05382e+00
  3.40e-01	  5.00e-03	-9.28360e-01
  3.40e-01	  1.00e-02	-7.93358e-01
  3.40e-01	  1.50e-02	-6.50720e-01
  3.40e-01	  2.00e-02	-5.07501e-01
  3.40e-01	  2.50e-02	-3.73686e-01
  3.40e-01	  3.00e-02	-2.58445e-01
  3.40e-01	  3.50e-02	-1.67103e-01
  3.40e-01	  4.00e-02	-1.00175e-01
  3.40e-01	  4.50e-02	-5.41920e-02
  3.40e-01	  5.00e-02	-2.31784e-02
  3.40e-01	  5.50e-02	5.03126e-05
  3.40e-01	  6.00e-02	2.31057e-02
  3.40e-01	  6.50e-02	5.36092e-02
  3.40e-01	  7.00e-02	9.87828e-02
  3.40e-01	  7.50e-02	1.64683e-01
  3.40e-01	  8.00e-02	2.54924e-01
  3.40e-01	  8.50e-02	3.69176e-01
  3.40e-01	  9.00e-02	5.02303e-01
  3.40e-01	  9.50e-02	6.45227e-01
  3.40e-01	  1.00e-01	7.87911e-01
  3.40e-01	  1.05e-01	9.23125e-01
  3.40e-01	  1.10e-01	1.04876e+00
  3.40e-01	  1.15e-01	1.16769e+00

  3.60e-01	  0.00e+00	-1.04324e+00
  3.60e-01	  5.00e-03	-9.21116e-01
  3.60e-01	  1.00e-02	-7.90538e-01
  3.60e-01	  1.50e-02	-6.53047e-01
  3.60e-01	  2.00e-02	-5.14704e-01
  3.60e-01	  2.50e-02	-3.84359e-01
  3.60e-01	  3.00e-02	-2.70530e-01
  3.60e-01	  3.50e-02	-1.78593e-01
  3.60e-01	  4.00e-02	-1.09608e-01
  3.60e-01	  4.50e-02	-6.07518e-02
  3.60e-01	  5.00e-02	-2.65354e-02
  3.60e-01	  5.50e-02	-1.86794e-05
  3.60e-01	  6.00e-02	2.63266e-02
  3.60e-01	  6.50e-02	6.00417e-02
  3.60e-01	  7.00e-02	1.08112e-01
  3.60e-01	  7.50e-02	1.76117e-01
  3.60e-01	  8.00e-02	2.67022e-01
  3.60e-01	  8.50e-02	3.79945e-01
  3.60e-01	  9.00e-02	5.09666e-01
  3.60e-01	  9.50e-02	6.47743e-01
  3.60e-01	  1.00e-01	7.85267e-01
  3.60e-01	  1.05e-01	9.16025e-01
  3.60e-01	  1.10e-01	1.03830e+00
  3.60e-01	  1.15e-01	1.15465e+00

  3.80e-01	  0.00e+00	-1.03366e+00
  3.80e-01	  5.00e-03	-9.14538e-01
  3.80e-01	  1.00e-02	-7.87881e-01
  3.80e-01	  1.50e-02	-6.54957e-01
  3.80e-01	  2.00e-02	-5.21020e-01
  3.80e-01	  2.50e-02	-3.93949e-01
  3.80e-01	  3.00e-02	-2.81620e-01
  3.80e-01	  3.50e-02	-1.89354e-01
  3.80e-01	  4.00e-02	-1.18606e-01
  3.80e-01	  4.50e-02	-6.71046e-02
  3.80e-01	  5.00e-02	-2.98200e-02
  3.80e-01	  5.50e-02	-8.76326e-05
  3.80e-01	  6.00e-02	2.94763e-02
  3.80e-01	  6.50e-02	6.62715e-02
  3.80e-01	  7.00e-02	1.17014e-01
  3.80e-01	  7.50e-02	1.86829e-01
  3.80e-01	  8.00e-02	2.78131e-01
  3.80e-01	  8.50e-02	3.89624e-01
  3.80e-01	  9.00e-02	5.16129e-01
  3.80e-01	  9.50e-02	6.49821e-01
  3.80e-01	  1.00e-01	7.82769e-01
  3.80e-01	  1.05e-01	9.09581e-01
  3.80e-01	  1.10e-01	1.02883e+00
  3.80e-01	  1.15e-01	1.14284e+00

  4.00e-01	  0.00e+00	-1.02495e+00
  4.00e-01	  5.00e-03	-9.08545e-01
  4.00e-01	  1.00e-02	-7.85388e-01
  4.00e-01	  1.50e-02	-6.56540e-01
  4.00e-01	  2.00e-02	-5.26596e-01
  4.00e-01	  2.50e-02	-4.02594e-01
  4.00e-01	  3.00e-02	-2.91805e-01
  4.00e-01	  3.50e-02	-1.99413e-01
  4.00e-01	  4.00e-02	-1.27155e-01
  4.00e-01	  4.50e-02	-7.32222e-02
  4.00e-01	  5.00e-02	-3.30117e-02
  4.00e-01	  5.50e-02	-1.55940e-04
  4.00e-01	  6.00e-02	3.25355e-02
  4.00e-01	  6.50e-02	7.22709e-02
  4.00e-01	  7.00e-02	1.25475e-01
  4.00e-01	  7.50e-02	1.96848e-01
  4.00e-01	  8.00e-02	2.88336e-01
  4.00e-01	  8.50e-02	3.98354e-01
  4.00e-01	  9.00e-02	5.21838e-01
  4.00e-01	  9.50e-02	6.51558e-01
  4.00e-01	  1.00e-01	7.80422e-01
  4.00e-01	  1.05e-01	9.03714e-01
  4.00e-01	  1.10e-01	1.02024e+00
  4.00e-01	  1.15e-01	1.13209e+00

  4.20e-01	  0.00e+00	-1.01701e+00
  4.20e-01	  5.00e-03	-9.03070e-01
  4.20e-01	  1.00e-02	-7.83057e-01
  4.20e-01	  1.50e-02	-6.57867e-01
  4.20e-01	  2.00e-02	-5.31547e-01
  4.20e-01	  2.50e-02	-4.10413e-01
  4.20e-01	  3.00e-02	-3.01167e-01
  4.20e-01	  3.50e-02	-2.08805e-01
  4.20e-01	  4.00e-02	-1.35253e-01
  4.20e-01	  4.50e-02	-7.90850e-02
  4.20e-01	  5.00e-02	-3.60949e-02
  4.20e-01	  5.50e-02	-2.23121e-04
  4.20e-01	  6.00e-02	3.54892e-02
  4.20e-01	  6.50e-02	7.80204e-02
  4.20e-01	  7.00e-02	1.33489e-01
  4.20e-01	  7.50e-02	2.06204e-01
  4.20e-01	  8.00e-02	2.97720e-01
  4.20e-01	  8.50e-02	4.06254e-01
  4.20e-01	  9.00e-02	5.26913e-01
  4.20e-01	  9.50e-02	6.53025e-01
  4.20e-01	  1.00e-01	7.78225e-01
  4.20e-01	  1.05e-01	8.98357e-01
  4.20e-01	  1.10e-01	1.01241e+00
  4.20e-01	  1.15e-01	1.12228e+00

  4.40e-01	  0.00e+00	-1.00975e+00
  4.40e-01	  5.00e-03	-8.98055e-01
  4.40e-01	  1.00e-02	-7.80882e-01
  4.40e-01	  1.50e-02	-6.58990e-01
  4.40e-01	  2.00e-02	-5.35970e-01
  4.40e-01	  2.50e-02	-4.17508e-01
  4.40e-01	  3.00e-02	-3.09780e-01
  4.40e-01	  3.50e-02	-2.17565e-01
  4.40e-01	  4.00e-02	-1.42901e-01
  4.40e-01	  4.50e-02	-8.46802e-02
  4.40e-01	  5.00e-02	-3.90580e-02
  4.40e-01	  5.50e-02	-2.88803e-04
  4.40e-01	  6.00e-02	3.83264e-02
  4.40e-01	  6.50e-02	8.35072e-02
  4.40e-01	  7.00e-02	1.41061e-01
  4.40e-01	  7.50e-02	2.14933e-01
  4.40e-01	  8.00e-02	3.06357e-01
  4.40e-01	  8.50e-02	4.13425e-01
  4.40e-01	  9.00e-02	5.31449e-01
  4.40e-01	  9.50e-02	6.54277e-01
  4.40e-01	  1.00e-01	7.76174e-01
  4.40e-01	  1.05e-01	8.93454e-01
  4.40e-01	  1.10e-01	1.00525e+00
  4.40e-01	  1.15e-01	1.11329e+00

  4.60e-01	  0.00e+00	-1.00309e+00
  4.60e-01	  5.00e-03	-8.93454e-01
  4.60e-01	  1.00e-02	-7.78856e-01
  4.60e-01	  1.50e-02	-6.59950e-01
  4.60e-01	  2.00e-02	-5.39939e-01
  4.60e-01	  2.50e-02	-4.23963e-01
  4.60e-01	  3.00e-02	-3.17712e-01
  4.60e-01	  3.50e-02	-2.25729e-01
  4.60e-01	  4.00e-02	-1.50108e-01
  4.60e-01	  4.50e-02	-9.00008e-02
  4.60e-01	  5.00e-02	-4.18931e-02
  4.60e-01	  5.50e-02	-3.52706e-04
  4.60e-01	  6.00e-02	4.10397e-02
  4.60e-01	  6.50e-02	8.87243e-02
  4.60e-01	  7.00e-02	1.48196e-01
  4.60e-01	  7.50e-02	2.23069e-01
  4.60e-01	  8.00e-02	3.14312e-01
  4.60e-01	  8.50e-02	4.19951e-01
  4.60e-01	  9.00e-02	5.35523e-01
  4.60e-01	  9.50e-02	6.55356e-01
  4.60e-01	  1.00e-01	7.74264e-01
  4.60e-01	  1.05e-01	8.88957e-01
  4.60e-01	  1.10e-01	9.98684e-01
  4.60e-01	  1.15e-01	1.10503e+00

  4.80e-01	  0.00e+00	-9.96973e-01
  4.80e-01	  5.00e-03	-8.89223e-01
  4.80e-01	  1.00e-02	-7.76971e-01
  4.80e-01	  1.50e-02	-6.60777e-01
  4.80e-01	  2.00e-02	-5.43517e-01
  4.80e-01	  2.50e-02	-4.29851e-01
  4.80e-01	  3.00e-02	-3.25023e-01
  4.80e-01	  3.50e-02	-2.33332e-01
  4.80e-01	  4.00e-02	-1.56885e-01
  4.80e-01	  4.50e-02	-9.50442e-02
  4.80e-01	  5.00e-02	-4.45952e-02
  4.80e-01	  5.50e-02	-4.14615e-04
  4.80e-01	  6.00e-02	4.36241e-02
  4.80e-01	  6.50e-02	9.36690e-02
  4.80e-01	  7.00e-02	1.54906e-01
  4.80e-01	  7.50e-02	2.30647e-01
  4.80e-01	  8.00e-02	3.21647e-01
  4.80e-01	  8.50e-02	4.25906e-01
  4.80e-01	  9.00e-02	5.39199e-01
  4.80e-01	  9.50e-02	6.56294e-01
  4.80e-01	  1.00e-01	7.72487e-01
  4.80e-01	  1.05e-01	8.84825e-01
  4.80e-01	  1.10e-01	9.92655e-01
  4.80e-01	  1.15e-01	1.09743e+00

  5.00e-01	  0.00e+00	-9.91338e-01
  5.00e-01	  5.00e-03	-8.85329e-01
  5.00e-01	  1.00e-02	-7.75219e-01
  5.00e-01	  1.50e-02	-6.61498e-01
  5.00e-01	  2.00e-02	-5.46756e-01
  5.00e-01	  2.50e-02	-4.35233e-01
  5.00e-01	  3.00e-02	-3.31766e-01
  5.00e-01	  3.50e-02	-2.40408e-01
  5.00e-01	  4.00e-02	-1.63246e-01
  5.00e-01	  4.50e-02	-9.98113e-02
  5.00e-01	  5.00e-02	-4.71615e-02
  5.00e-01	  5.50e-02	-4.74374e-04
  5.00e-01	  6.00e-02	4.60772e-02
  5.00e-01	  6.50e-02	9.83422e-02
  5.00e-01	  7.00e-02	1.61205e-01
  5.00e-01	  7.50e-02	2.37702e-01
  5.00e-01	  8.00e-02	3.28413e-01
  5.00e-01	  8.50e-02	4.31351e-01
  5.00e-01	  9.00e-02	5.42528e-01
  5.00e-01	  9.50e-02	6.57116e-01
  5.00e-01	  1.00e-01	7.70836e-01
  5.00e-01	  1.05e-01	8.81024e-01
  5.00e-01	  1.10e-01	9.87106e-01
  5.00e-01	  1.15e-01	1.09043e+00

  5.20e-01	  0.00e+00	-9.86142e-01
  5.20e-01	  5.00e-03	-8.81739e-01
  5.20e-01	  1.00e-02	-7.73592e-01
  5.20e-01	  1.50e-02	-6.62130e-01
  5.20e-01	  2.00e-02	-5.49697e-01
  5.20e-01	  2.50e-02	-4.40162e-01
  5.20e-01	  3.00e-02	-3.37989e-01
  5.20e-01	  3.50e-02	-2.46990e-01
  5.20e-01	  4.00e-02	-1.69207e-01
  5.20e-01	  4.50e-02	-1.04306e-01
  5.20e-01	  5.00e-02	-4.95913e-02
  5.20e-01	  5.50e-02	-5.31872e-04
  5.20e-01	  6.00e-02	4.83985e-02
  5.20e-01	  6.50e-02	1.02747e-01
  5.20e-01	  7.00e-02	1.67107e-01
  5.20e-01	  7.50e-02	2.44264e-01
  5.20e-01	  8.00e-02	3.34659e-01
  5.20e-01	  8.50e-02	4.36340e-01
  5.20e-01	  9.00e-02	5.45553e-01
  5.20e-01	  9.50e-02	6.57843e-01
  5.20e-01	  1.00e-01	7.69304e-01
  5.20e-01	  1.05e-01	8.77522e-01
  5.20e-01	  1.10e-01	9.81992e-01
  5.20e-01	  1.15e-01	1.08396e+00

  5.40e-01	  0.00e+00	-9.81346e-01
  5.40e-01	  5.00e-03	-8.78427e-01
  5.40e-01	  1.00e-02	-7.72083e-01
  5.40e-01	  1.50e-02	-6.62688e-01
  5.40e-01	  2.00e-02	-5.52375e-01
  5.40e-01	  2.50e-02	-4.44683e-01
  5.40e-01	  3.00e-02	-3.43735e-01
  5.40e-01	  3.50e-02	-2.53108e-01
  5.40e-01	  4.00e-02	-1.74784e-01
  5.40e-01	  4.50e-02	-1.08534e-01
  5.40e-01	  5.00e-02	-5.18855e-02
  5.40e-01	  5.50e-02	-5.87034e-04
  5.40e-01	  6.00e-02	5.05888e-02
  5.40e-01	  6.50e-02	1.06891e-01
  5.40e-01	  7.00e-02	1.72629e-01
  5.40e-01	  7.50e-02	2.50365e-01
  5.40e-01	  8.00e-02	3.40427e-01
  5.40e-01	  8.50e-02	4.40917e-01
  5.40e-01	  9.00e-02	5.48311e-01
  5.40e-01	  9.50e-02	6.58491e-01
  5.40e-01	  1.00e-01	7.67883e-01
  5.40e-01	  1.05e-01	8.74293e-01
  5.40e-01	  1.10e-01	9.77272e-01
  5.40e-01	  1.15e-01	1.07797e+00

  5.60e-01	  0.00e+00	-9.76914e-01
  5.60e-01	  5.00e-03	-8.75370e-01
  5.60e-01	  1.00e-02	-7.70683e-01
  5.60e-01	  1.50e-02	-6.63184e-01
  5.60e-01	  2.00e-02	-5.54820e-01
  5.60e-01	  2.50e-02	-4.48836e-01
  5.60e-01	  3.00e-02	-3.49043e-01
  5.60e-01	  3.50e-02	-2.58793e-01
  5.60e-01	  4.00e-02	-1.79994e-01
  5.60e-01	  4.50e-02	-1.12503e-01
  5.60e-01	  5.00e-02	-5.40460e-02
  5.60e-01	  5.50e-02	-6.39814e-04
  5.60e-01	  6.00e-02	5.26502e-02
  5.60e-01	  6.50e-02	1.10779e-01
  5.60e-01	  7.00e-02	1.77788e-01
  5.60e-01	  7.50e-02	2.56034e-01
  5.60e-01	  8.00e-02	3.45755e-01
  5.60e-01	  8.50e-02	4.45121e-01
  5.60e-01	  9.00e-02	5.50829e-01
  5.60e-01	  9.50e-02	6.59070e-01
  5.60e-01	  1.00e-01	7.66566e-01
  5.60e-01	  1.05e-01	8.71313e-01
  5.60e-01	  1.10e-01	9.72913e-01
  5.60e-01	  1.15e-01	1.07244e+00

  5.80e-01	  0.00e+00	-9.72816e-01
  5.80e-01	  5.00e-03	-8.72546e-01
  5.80e-01	  1.00e-02	-7.69386e-01
  5.80e-01	  1.50e-02	-6.63629e-01
  5.80e-01	  2.00e-02	-5.57057e-01
  5.80e-01	  2.50e-02	-4.52653e-01
  5.80e-01	  3.00e-02	-3.53945e-01
  5.80e-01	  3.50e-02	-2.64070e-01
  5.80e-01	  4.00e-02	-1.84855e-01
  5.80e-01	  4.50e-02	-1.16221e-01
  5.80e-01	  5.00e-02	-5.60758e-02
  5.80e-01	  5.50e-02	-6.90192e-04
  5.80e-01	  6.00e-02	5.45855e-02
  5.80e-01	  6.50e-02	1.14420e-01
  5.80e-01	  7.00e-02	1.82600e-01
  5.80e-01	  7.50e-02	2.61297e-01
  5.80e-01	  8.00e-02	3.50677e-01
  5.80e-01	  8.50e-02	4.48987e-01
  5.80e-01	  9.00e-02	5.53134e-01
  5.80e-01	  9.50e-02	6.59592e-01
  5.80e-01	  1.00e-01	7.65347e-01
  5.80e-01	  1.05e-01	8.68563e-01
  5.80e-01	  1.10e-01	9.68884e-01
  5.80e-01	  1.15e-01	1.06731e+00

  6.00e-01	  0.00e+00	-9.69027e-01
  6.00e-01	  5.00e-03	-8.69939e-01
  6.00e-01	  1.00e-02	-7.68186e-01
  6.00e-01	  1.50e-02	-6.64028e-01
  6.00e-01	  2.00e-02	-5.59105e-01
  6.00e-01	  2.50e-02	-4.56163e-01
  6.00e-01	  3.00e-02	-3.58472e-01
  6.00e-01	  3.50e-02	-2.68966e-01
  6.00e-01	  4.00e-02	-1.89384e-01
  6.00e-01	  4.50e-02	-1.19697e-01
  6.00e-01	  5.00e-02	-5.79785e-02
  6.00e-01	  5.50e-02	-7.38160e-04
  6.00e-01	  6.00e-02	5.63983e-02
  6.00e-01	  6.50e-02	1.17824e-01
  6.00e-01	  7.00e-02	1.87083e-01
  6.00e-01	  7.50e-02	2.66179e-01
  6.00e-01	  8.00e-02	3.55223e-01
  6.00e-01	  8.50e-02	4.52544e-01
  6.00e-01	  9.00e-02	5.55246e-01
  6.00e-01	  9.50e-02	6.60063e-01
  6.00e-01	  1.00e-01	7.64218e-01
  6.00e-01	  1.05e-01	8.66024e-01
  6.00e-01	  1.10e-01	9.65160e-01
  6.00e-01	  1.15e-01	1.06256e+00

  6.20e-01	  0.00e+00	-9.65522e-01
  6.20e-01	  5.00e-03	-8.67531e-01
  6.20e-01	  1.00e-02	-7.67075e-01
  6.20e-01	  1.50e-02	-6.64389e-01
  6.20e-01	  2.00e-02	-5.60983e-01
  6.20e-01	  2.50e-02	-4.59394e-01
  6.20e-01	  3.00e-02	-3.62653e-01
  6.20e-01	  3.50e-02	-2.73504e-01
  6.20e-01	  4.00e-02	-1.93597e-01
  6.20e-01	  4.50e-02	-1.22941e-01
  6.20e-01	  5.00e-02	-5.97582e-02
  6.20e-01	  5.50e-02	-7.83727e-04
  6.20e-01	  6.00e-02	5.80928e-02
  6.20e-01	  6.50e-02	1.21000e-01
  6.20e-01	  7.00e-02	1.91254e-01
  6.20e-01	  7.50e-02	2.70704e-01
  6.20e-01	  8.00e-02	3.59421e-01
  6.20e-01	  8.50e-02	4.55817e-01
  6.20e-01	  9.00e-02	5.57183e-01
  6.20e-01	  9.50e-02	6.60492e-01
  6.20e-01	  1.00e-01	7.63176e-01
  6.20e-01	  1.05e-01	8.63681e-01
  6.20e-01	  1.10e-01	9.61716e-01
  6.20e-01	  1.15e-01	1.05816e+00

  6.40e-01	  0.00e+00	-9.62281e-01
  6.40e-01	  5.00e-03	-8.65307e-01
  6.40e-01	  1.00e-02	-7.66048e-01
  6.40e-01	  1.50e-02	-6.64716e-01
  6.40e-01	  2.00e-02	-5.62705e-01
  6.40e-01	  2.50e-02	-4.62366e-01
  6.40e-01	  3.00e-02	-3.66512e-01
  6.40e-01	  3.50e-02	-2.77705e-01
  6.40e-01	  4.00e-02	-1.97511e-01
  6.40e-01	  4.50e-02	-1.25963e-01
  6.40e-01	  5.00e-02	-6.14194e-02
  6.40e-01	  5.50e-02	-8.26909e-04
  6.40e-01	  6.00e-02	5.96732e-02
  6.40e-01	  6.50e-02	1.23957e-01
  6.40e-01	  7.00e-02	1.95127e-01
  6.40e-01	  7.50e-02	2.74895e-01
  6.40e-01	  8.00e-02	3.63297e-01
  6.40e-01	  8.50e-02	4.58829e-01
  6.40e-01	  9.00e-02	5.58962e-01
  6.40e-01	  9.50e-02	6.60881e-01
  6.40e-01	  1.00e-01	7.62213e-01
  6.40e-01	  1.05e-01	8.61518e-01
  6.40e-01	  1.10e-01	9.58533e-01
  6.40e-01	  1.15e-01	1.05409e+00

  6.60e-01	  0.00e+00	-9.59287e-01
  6.60e-01	  5.00e-03	-8.63256e-01
  6.60e-01	  1.00e-02	-7.65100e-01
  6.60e-01	  1.50e-02	-6.65012e-01
  6.60e-01	  2.00e-02	-5.64286e-01
  6.60e-01	  2.50e-02	-4.65100e-01
  6.60e-01	  3.00e-02	-3.70070e-01
  6.60e-01	  3.50e-02	-2.81592e-01
  6.60e-01	  4.00e-02	-2.01141e-01
  6.60e-01	  4.50e-02	-1.28773e-01
  6.60e-01	  5.00e-02	-6.29667e-02
  6.60e-01	  5.50e-02	-8.67728e-04
  6.60e-01	  6.00e-02	6.11444e-02
  6.60e-01	  6.50e-02	1.26707e-01
  6.60e-01	  7.00e-02	1.98720e-01
  6.60e-01	  7.50e-02	2.78770e-01
  6.60e-01	  8.00e-02	3.66871e-01
  6.60e-01	  8.50e-02	4.61600e-01
  6.60e-01	  9.00e-02	5.60595e-01
  6.60e-01	  9.50e-02	6.61236e-01
  6.60e-01	  1.00e-01	7.61324e-01
  6.60e-01	  1.05e-01	8.59523e-01
  6.60e-01	  1.10e-01	9.55593e-01
  6.60e-01	  1.15e-01	1.05031e+00

  6.80e-01	  0.00e+00	-9.56521e-01
  6.80e-01	  5.00e-03	-8.61364e-01
  6.80e-01	  1.00e-02	-7.64226e-01
  6.80e-01	  1.50e-02	-6.65282e-01
  6.80e-01	  2.00e-02	-5.65736e-01
  6.80e-01	  2.50e-02	-4.67613e-01
  6.80e-01	  3.00e-02	-3.73349e-01
  6.80e-01	  3.50e-02	-2.85182e-01
  6.80e-01	  4.00e-02	-2.04503e-01
  6.80e-01	  4.50e-02	-1.31381e-01
  6.80e-01	  5.00e-02	-6.44051e-02
  6.80e-01	  5.50e-02	-9.06215e-04
  6.80e-01	  6.00e-02	6.25109e-02
  6.80e-01	  6.50e-02	1.29258e-01
  6.80e-01	  7.00e-02	2.02047e-01
  6.80e-01	  7.50e-02	2.82351e-01
  6.80e-01	  8.00e-02	3.70165e-01
  6.80e-01	  8.50e-02	4.64149e-01
  6.80e-01	  9.00e-02	5.62093e-01
  6.80e-01	  9.50e-02	6.61561e-01
  6.80e-01	  1.00e-01	7.60505e-01
  6.80e-01	  1.05e-01	8.57685e-01
  6.80e-01	  1.10e-01	9.52878e-01
  6.80e-01	  1.15e-01	1.04682e+00

  7.00e-01	  0.00e+00	-9.53968e-01
  7.00e-01	  5.00e-03	-8.59621e-01
  7.00e-01	  1.00e-02	-7.63420e-01
  7.00e-01	  1.50e-02	-6.65527e-01
  7.00e-01	  2.00e-02	-5.67066e-01
  7.00e-01	  2.50e-02	-4.69923e-01
  7.00e-01	  3.00e-02	-3.76368e-01
  7.00e-01	  3.50e-02	-2.88494e-01
  7.00e-01	  4.00e-02	-2.07612e-01
  7.00e-01	  4.50e-02	-1.33797e-01
  7.00e-01	  5.00e-02	-6.57394e-02
  7.00e-01	  5.50e-02	-9.42407e-04
  7.00e-01	  6.00e-02	6.37778e-02
  7.00e-01	  6.50e-02	1.31620e-01
  7.00e-01	  7.00e-02	2.05123e-01
  7.00e-01	  7.50e-02	2.85654e-01
  7.00e-01	  8.00e-02	3.73197e-01
  7.00e-01	  8.50e-02	4.66491e-01
  7.00e-01	  9.00e-02	5.63468e-01
  7.00e-01	  9.50e-02	6.61857e-01
  7.00e-01	  1.00e-01	7.59751e-01
  7.00e-01	  1.05e-01	8.55992e-01
  7.00e-01	  1.10e-01	9.50373e-01
  7.00e-01	  1.15e-01	1.04359e+00

  7.20e-01	  0.00e+00	-9.51616e-01
  7.20e-01	  5.00e-03	-8.58018e-01
  7.20e-01	  1.00e-02	-7.62678e-01
  7.20e-01	  1.50e-02	-6.65750e-01
  7.20e-01	  2.00e-02	-5.68284e-01
  7.20e-01	  2.50e-02	-4.72042e-01
  7.20e-01	  3.00e-02	-3.79143e-01
  7.20e-01	  3.50e-02	-2.91545e-01
  7.20e-01	  4.00e-02	-2.10481e-01
  7.20e-01	  4.50e-02	-1.36030e-01
  7.20e-01	  5.00e-02	-6.69746e-02
  7.20e-01	  5.50e-02	-9.76345e-04
  7.20e-01	  6.00e-02	6.49498e-02
  7.20e-01	  6.50e-02	1.33804e-01
  7.20e-01	  7.00e-02	2.07961e-01
  7.20e-01	  7.50e-02	2.88697e-01
  7.20e-01	  8.00e-02	3.75986e-01
  7.20e-01	  8.50e-02	4.68640e-01
  7.20e-01	  9.00e-02	5.64728e-01
  7.20e-01	  9.50e-02	6.62127e-01
  7.20e-01	  1.00e-01	7.59057e-01
  7.20e-01	  1.05e-01	8.54435e-01
  7.20e-01	  1.10e-01	9.48065e-01
  7.20e-01	  1.15e-01	1.04061e+00

  7.40e-01	  0.00e+00	-9.49451e-01
  7.40e-01	  5.00e-03	-8.56545e-01
  7.40e-01	  1.00e-02	-7.61996e-01
  7.40e-01	  1.50e-02	-6.65952e-01
  7.40e-01	  2.00e-02	-5.69399e-01
  7.40e-01	  2.50e-02	-4.73984e-01
  7.40e-01	  3.00e-02	-3.81691e-01
  7.40e-01	  3.50e-02	-2.94352e-01
  7.40e-01	  4.00e-02	-2.13124e-01
  7.40e-01	  4.50e-02	-1.38091e-01
  7.40e-01	  5.00e-02	-6.81156e-02
  7.40e-01	  5.50e-02	-1.00808e-03
  7.40e-01	  6.00e-02	6.60317e-02
  7.40e-01	  6.50e-02	1.35818e-01
  7.40e-01	  7.00e-02	2.10576e-01
  7.40e-01	  7.50e-02	2.91495e-01
  7.40e-01	  8.00e-02	3.78546e-01
  7.40e-01	  8.50e-02	4.70611e-01
  7.40e-01	  9.00e-02	5.65881e-01
  7.40e-01	  9.50e-02	6.62373e-01
  7.40e-01	  1.00e-01	7.58420e-01
  7.40e-01	  1.05e-01	8.53005e-01
  7.40e-01	  1.10e-01	9.45942e-01
  7.40e-01	  1.15e-01	1.03786e+00

  7.60e-01	  0.00e+00	-9.47462e-01
  7.60e-01	  5.00e-03	-8.55194e-01
  7.60e-01	  1.00e-02	-7.61370e-01
  7.60e-01	  1.50e-02	-6.66135e-01
  7.60e-01	  2.00e-02	-5.70417e-01
  7.60e-01	  2.50e-02	-4.75762e-01
  7.60e-01	  3.00e-02	-3.84026e-01
  7.60e-01	  3.50e-02	-2.96928e-01
  7.60e-01	  4.00e-02	-2.15555e-01
  7.60e-01	  4.50e-02	-1.39989e-01
  7.60e-01	  5.00e-02	-6.91674e-02
  7.60e-01	  5.50e-02	-1.03768e-03
  7.60e-01	  6.00e-02	6.70285e-02
  7.60e-01	  6.50e-02	1.37672e-01
  7.60e-01	  7.00e-02	2.12981e-01
  7.60e-01	  7.50e-02	2.94065e-01
  7.60e-01	  8.00e-02	3.80892e-01
  7.60e-01	  8.50e-02	4.72415e-01
  7.60e-01	  9.00e-02	5.66936e-01
  7.60e-01	  9.50e-02	6.62596e-01
  7.60e-01	  1.00e-01	7.57835e-01
  7.60e-01	  1.05e-01	8.51693e-01
  7.60e-01	  1.10e-01	9.43991e-01
  7.60e-01	  1.15e-01	1.03532e+00

  7.80e-01	  0.00e+00	-9.45638e-01
  7.80e-01	  5.00e-03	-8.53956e-01
  7.80e-01	  1.00e-02	-7.60797e-01
  7.80e-01	  1.50e-02	-6.66301e-01
  7.80e-01	  2.00e-02	-5.71346e-01
  7.80e-01	  2.50e-02	-4.77386e-01
  7.80e-01	  3.00e-02	-3.86163e-01
  7.80e-01	  3.50e-02	-2.99289e-01
  7.80e-01	  4.00e-02	-2.17786e-01
  7.80e-01	  4.50e-02	-1.41733e-01
  7.80e-01	  5.00e-02	-7.01348e-02
  7.80e-01	  5.50e-02	-1.06522e-03
  7.80e-01	  6.00e-02	6.79446e-02
  7.80e-01	  6.50e-02	1.39376e-01
  7.80e-01	  7.00e-02	2.15187e-01
  7.80e-01	  7.50e-02	2.96419e-01
  7.80e-01	  8.00e-02	3.83040e-01
  7.80e-01	  8.50e-02	4.74063e-01
  7.80e-01	  9.00e-02	5.67898e-01
  7.80e-01	  9.50e-02	6.62799e-01
  7.80e-01	  1.00e-01	7.57299e-01
  7.80e-01	  1.05e-01	8.50492e-01
  7.80e-01	  1.10e-01	9.42202e-01
  7.80e-01	  1.15e-01	1.03299e+00

  8.00e-01	  0.00e+00	-9.43968e-01
  8.00e-01	  5.00e-03	-8.52825e-01
  8.00e-01	  1.00e-02	-7.60272e-01
  8.00e-01	  1.50e-02	-6.66450e-01
  8.00e-01	  2.00e-02	-5.72192e-01
  8.00e-01	  2.50e-02	-4.78867e-01
  8.00e-01	  3.00e-02	-3.88114e-01
  8.00e-01	  3.50e-02	-3.01448e-01
  8.00e-01	  4.00e-02	-2.19829e-01
  8.00e-01	  4.50e-02	-1.43332e-01
  8.00e-01	  5.00e-02	-7.10226e-02
  8.00e-01	  5.50e-02	-1.09085e-03
  8.00e-01	  6.00e-02	6.87848e-02
  8.00e-01	  6.50e-02	1.40937e-01
  8.00e-01	  7.00e-02	2.17207e-01
  8.00e-01	  7.50e-02	2.98573e-01
  8.00e-01	  8.00e-02	3.85001e-01
  8.00e-01	  8.50e-02	4.75567e-01
  8.00e-01	  9.00e-02	5.68774e-01
  8.00e-01	  9.50e-02	6.62983e-01
  8.00e-01	  1.00e-01	7.56809e-01
  8.00e-01	  1.05e-01	8.49395e-01
  8.00e-01	  1.10e-01	9.40564e-01
  8.00e-01	  1.15e-01	1.03085e+00

  8.20e-01	  0.00e+00	-9.42444e-01
  8.20e-01	  5.00e-03	-8.51794e-01
  8.20e-01	  1.00e-02	-7.59793e-01
  8.20e-01	  1.50e-02	-6.66584e-01
  8.20e-01	  2.00e-02	-5.72960e-01
  8.20e-01	  2.50e-02	-4.80215e-01
  8.20e-01	  3.00e-02	-3.89893e-01
  8.20e-01	  3.50e-02	-3.03419e-01
  8.20e-01	  4.00e-02	-2.21696e-01
  8.20e-01	  4.50e-02	-1.44795e-01
  8.20e-01	  5.00e-02	-7.18358e-02
  8.20e-01	  5.50e-02	-1.11484e-03
  8.20e-01	  6.00e-02	6.95535e-02
  8.20e-01	  6.50e-02	1.42365e-01
  8.20e-01	  7.00e-02	2.19054e-01
  8.20e-01	  7.50e-02	3.00538e-01
  8.20e-01	  8.00e-02	3.86789e-01
  8.20e-01	  8.50e-02	4.76936e-01
  8.20e-01	  9.00e-02	5.69571e-01
  8.20e-01	  9.50e-02	6.63150e-01
  8.20e-01	  1.00e-01	7.56363e-01
  8.20e-01	  1.05e-01	8.48394e-01
  8.20e-01	  1.10e-01	9.39070e-01
  8.20e-01	  1.15e-01	1.02889e+00

  8.40e-01	  0.00e+00	-9.41057e-01
  8.40e-01	  5.00e-03	-8.50856e-01
  8.40e-01	  1.00e-02	-7.59357e-01
  8.40e-01	  1.50e-02	-6.66704e-01
  8.40e-01	  2.00e-02	-5.73656e-01
  8.40e-01	  2.50e-02	-4.81439e-01
  8.40e-01	  3.00e-02	-3.91511e-01
  8.40e-01	  3.50e-02	-3.05215e-01
  8.40e-01	  4.00e-02	-2.23400e-01
  8.40e-01	  4.50e-02	-1.46131e-01
  8.40e-01	  5.00e-02	-7.25796e-02
  8.40e-01	  5.50e-02	-1.13777e-03
  8.40e-01	  6.00e-02	7.02546e-02
  8.40e-01	  6.50e-02	1.43668e-01
  8.40e-01	  7.00e-02	2.20737e-01
  8.40e-01	  7.50e-02	3.02328e-01
  8.40e-01	  8.00e-02	3.88416e-01
  8.40e-01	  8.50e-02	4.78180e-01
  8.40e-01	  9.00e-02	5.70295e-01
  8.40e-01	  9.50e-02	6.63301e-01
  8.40e-01	  1.00e-01	7.55957e-01
  8.40e-01	  1.05e-01	8.47486e-01
  8.40e-01	  1.10e-01	9.37710e-01
  8.40e-01	  1.15e-01	1.02710e+00

  8.60e-01	  0.00e+00	-9.39801e-01
  8.60e-01	  5.00e-03	-8.50008e-01
  8.60e-01	  1.00e-02	-7.58962e-01
  8.60e-01	  1.50e-02	-6.66813e-01
  8.60e-01	  2.00e-02	-5.74288e-01
  8.60e-01	  2.50e-02	-4.82550e-01
  8.60e-01	  3.00e-02	-3.92982e-01
  8.60e-01	  3.50e-02	-3.06849e-01
  8.60e-01	  4.00e-02	-2.24953e-01
  8.60e-01	  4.50e-02	-1.47352e-01
  8.60e-01	  5.00e-02	-7.32602e-02
  8.60e-01	  5.50e-02	-1.16112e-03
  8.60e-01	  6.00e-02	7.08918e-02
  8.60e-01	  6.50e-02	1.44854e-01
  8.60e-01	  7.00e-02	2.22269e-01
  8.60e-01	  7.50e-02	3.03957e-01
  8.60e-01	  8.00e-02	3.89895e-01
  8.60e-01	  8.50e-02	4.79311e-01
  8.60e-01	  9.00e-02	5.70953e-01
  8.60e-01	  9.50e-02	6.63440e-01
  8.60e-01	  1.00e-01	7.55594e-01
  8.60e-01	  1.05e-01	8.46667e-01
  8.60e-01	  1.10e-01	9.36481e-01
  8.60e-01	  1.15e-01	1.02548e+00

  8.80e-01	  0.00e+00	-9.38676e-01
  8.80e-01	  5.00e-03	-8.49247e-01
  8.80e-01	  1.00e-02	-7.58608e-01
  8.80e-01	  1.50e-02	-6.66914e-01
  8.80e-01	  2.00e-02	-5.74862e-01
  8.80e-01	  2.50e-02	-4.83561e-01
  8.80e-01	  3.00e-02	-3.94320e-01
  8.80e-01	  3.50e-02	-3.08339e-01
  8.80e-01	  4.00e-02	-2.26371e-01
  8.80e-01	  4.50e-02	-1.48469e-01
  8.80e-01	  5.00e-02	-7.38870e-02
  8.80e-01	  5.50e-02	-1.18861e-03
  8.80e-01	  6.00e-02	7.14672e-02
  8.80e-01	  6.50e-02	1.45930e-01
  8.80e-01	  7.00e-02	2.23661e-01
  8.80e-01	  7.50e-02	3.05437e-01
  8.80e-01	  8.00e-02	3.91240e-01
  8.80e-01	  8.50e-02	4.80341e-01
  8.80e-01	  9.00e-02	5.71557e-01
  8.80e-01	  9.50e-02	6.63576e-01
  8.80e-01	  1.00e-01	7.55277e-01
  8.80e-01	  1.05e-01	8.45942e-01
  8.80e-01	  1.10e-01	9.35386e-01
  8.80e-01	  1.15e-01	1.02403e+00

  9.00e-01	  0.00e+00	-9.37696e-01
  9.00e-01	  5.00e-03	-8.48579e-01
  9.00e-01	  1.00e-02	-7.58296e-01
  9.00e-01	  1.50e-02	-6.67006e-01
  9.00e-01	  2.00e-02	-5.75380e-01
  9.00e-01	  2.50e-02	-4.84477e-01
  9.00e-01	  3.00e-02	-3.95541e-01
  9.00e-01	  3.50e-02	-3.09705e-01
  9.00e-01	  4.00e-02	-2.27678e-01
  9.00e-01	  4.50e-02	-1.49505e-01
  9.00e-01	  5.00e-02	-7.44772e-02
  9.00e-01	  5.50e-02	-1.23050e-03
  9.00e-01	  6.00e-02	7.19793e-02
  9.00e-01	  6.50e-02	1.46904e-01
  9.00e-01	  7.00e-02	2.24928e-01
  9.00e-01	  7.50e-02	3.06789e-01
  9.00e-01	  8.00e-02	3.92472e-01
  9.00e-01	  8.50e-02	4.81289e-01
  9.00e-01	  9.00e-02	5.72119e-01
  9.00e-01	  9.50e-02	6.63717e-01
  9.00e-01	  1.00e-01	7.55013e-01
  9.00e-01	  1.05e-01	8.45317e-01
  9.00e-01	  1.10e-01	9.34440e-01
  9.00e-01	  1.15e-01	1.02277e+00

  9.20e-01	  0.00e+00	-9.36907e-01
  9.20e-01	  5.00e-03	-8.47997e-01
  9.20e-01	  1.00e-02	-7.57989e-01
  9.20e-01	  1.50e-02	-6.67051e-01
  9.20e-01	  2.00e-02	-5.75822e-01
  9.20e-01	  2.50e-02	-4.85305e-01
  9.20e-01	  3.00e-02	-3.96676e-01
  9.20e-01	  3.50e-02	-3.11001e-01
  9.20e-01	  4.00e-02	-2.28943e-01
  9.20e-01	  4.50e-02	-1.50534e-01
  9.20e-01	  5.00e-02	-7.50941e-02
  9.20e-01	  5.50e-02	-1.32792e-03
  9.20e-01	  6.00e-02	7.24165e-02
  9.20e-01	  6.50e-02	1.47796e-01
  9.20e-01	  7.00e-02	2.26116e-01
  9.20e-01	  7.50e-02	3.08076e-01
  9.20e-01	  8.00e-02	3.93658e-01
  9.20e-01	  8.50e-02	4.82213e-01
  9.20e-01	  9.00e-02	5.72679e-01
  9.20e-01	  9.50e-02	6.63879e-01
  9.20e-01	  1.00e-01	7.54798e-01
  9.20e-01	  1.05e-01	8.44786e-01
  9.20e-01	  1.10e-01	9.33662e-01
  9.20e-01	  1.15e-01	1.02179e+00

  9.40e-01	  0.00e+00	-9.36402e-01
  9.40e-01	  5.00e-03	-8.47547e-01
  9.40e-01	  1.00e-02	-7.57660e-01
  9.40e-01	  1.50e-02	-6.66881e-01
  9.40e-01	  2.00e-02	-5.75810e-01
  9.40e-01	  2.50e-02	-4.85437e-01
  9.40e-01	  3.00e-02	-3.96914e-01
  9.40e-01	  3.50e-02	-3.11285e-01
  9.40e-01	  4.00e-02	-2.29198e-01
  9.40e-01	  4.50e-02	-1.50686e-01
  9.40e-01	  5.00e-02	-7.50883e-02
  9.40e-01	  5.50e-02	-1.14659e-03
  9.40e-01	  6.00e-02	7.27490e-02
  9.40e-01	  6.50e-02	1.48217e-01
  9.40e-01	  7.00e-02	2.26541e-01
  9.40e-01	  7.50e-02	3.08416e-01
  9.40e-01	  8.00e-02	3.93845e-01
  9.40e-01	  8.50e-02	4.82208e-01
  9.40e-01	  9.00e-02	5.72478e-01
  9.40e-01	  9.50e-02	6.63505e-01
  9.40e-01	  1.00e-01	7.54293e-01
  9.40e-01	  1.05e-01	8.44213e-01
  9.40e-01	  1.10e-01	9.33100e-01
  9.40e-01	  1.15e-01	1.02134e+00

